Минимальное расстояние кода, d
3

Порождающая матрица кода

100101
010110
001111


Стандартное расположение для кода

000    100    010    001    110    101    011    111    Syndrome
000000 100101 010110 001111 110011 101010 011001 111100 000
100000 000101 110110 101111 010011 001010 111001 011100 101
010000 110101 000110 011111 100011 111010 001001 101100 110
001000 101101 011110 000111 111011 100010 010001 110100 111
000100 100001 010010 001011 110111 101110 011101 111000 100
000010 100111 010100 001101 110001 101000 011011 111110 010
000001 100100 010111 001110 110010 101011 011000 111101 001
